,Dia,Fecha,DolarOficial,DolarBlue,Reservas_MM$,Diferencia$,Variación %,Volatilidad D_Oficial,Volatilidad D_Blue,Eventos
0,Thursday,2021-08-05,96.88,180.5,42.21,83.62,86.31,,,
1,Friday,2021-08-06,96.91,178.5,42.06,81.59,84.19,0.03,1.11,
2,Monday,2021-08-09,97.0,179.0,42.0,82.0,84.54,0.09,0.28,
3,Tuesday,2021-08-10,97.03,178.0,41.94,80.97,83.45,0.03,0.56,
4,Wednesday,2021-08-11,97.05,178.0,41.95,80.95,83.41,0.02,0.0,
5,Thursday,2021-08-12,97.08,178.5,41.97,81.42,83.87,0.03,0.28,
6,Friday,2021-08-13,97.11,182.0,41.98,84.89,87.42,0.03,1.96,
7,Tuesday,2021-08-17,97.23,183.0,41.99,85.77,88.21,0.12,0.55,
8,Wednesday,2021-08-18,97.27,182.0,42.0,84.73,87.11,0.04,0.55,
9,Thursday,2021-08-19,97.29,181.5,42.03,84.21,86.56,0.02,0.27,
10,Friday,2021-08-20,97.32,182.0,42.05,84.68,87.01,0.03,0.28,
11,Monday,2021-08-23,97.41,182.0,46.31,84.59,86.84,0.09,0.0,
12,Tuesday,2021-08-24,97.44,182.0,46.32,84.56,86.78,0.03,0.0,
13,Wednesday,2021-08-25,97.48,181.5,46.28,84.02,86.19,0.04,0.27,
14,Thursday,2021-08-26,97.55,181.5,46.19,83.95,86.06,0.07,0.0,
15,Friday,2021-08-27,97.57,182.0,46.2,84.43,86.53,0.02,0.28,
16,Monday,2021-08-30,97.72,182.0,46.15,84.28,86.25,0.15,0.0,
17,Tuesday,2021-08-31,97.75,182.0,46.18,84.25,86.19,0.03,0.0,
18,Wednesday,2021-09-01,97.78,180.5,46.09,82.72,84.6,0.03,0.82,
19,Thursday,2021-09-02,97.83,181.0,46.02,83.17,85.01,0.05,0.28,
20,Friday,2021-09-03,97.87,182.0,46.03,84.13,85.96,0.04,0.55,
21,Monday,2021-09-06,97.95,182.0,45.98,84.05,85.81,0.08,0.0,
22,Tuesday,2021-09-07,97.99,183.5,45.9,85.51,87.26,0.04,0.82,
23,Wednesday,2021-09-08,98.02,187.0,45.81,88.98,90.78,0.03,1.91,
24,Thursday,2021-09-09,98.05,186.5,45.73,88.45,90.21,0.03,0.27,
25,Friday,2021-09-10,98.1,185.0,45.76,86.9,88.58,0.05,0.8,
26,Monday,2021-09-13,98.21,181.0,45.78,82.79,84.3,0.11,2.16,
27,Tuesday,2021-09-14,98.22,182.5,45.82,84.28,85.81,0.01,0.83,
28,Wednesday,2021-09-15,98.25,185.0,45.68,86.75,88.3,0.03,1.37,
29,Thursday,2021-09-16,98.31,186.0,45.52,87.69,89.2,0.06,0.54,
30,Friday,2021-09-17,98.35,185.0,45.34,86.65,88.1,0.04,0.54,
31,Monday,2021-09-20,98.48,184.0,45.23,85.52,86.84,0.13,0.54,
32,Tuesday,2021-09-21,98.49,184.0,45.17,85.51,86.82,0.01,0.0,
33,Wednesday,2021-09-22,98.51,185.0,43.18,86.49,87.8,0.02,0.54,
34,Thursday,2021-09-23,98.52,185.0,43.13,86.48,87.78,0.01,0.0,
35,Friday,2021-09-24,98.56,186.0,43.13,87.44,88.72,0.04,0.54,
36,Monday,2021-09-27,98.67,186.5,43.14,87.83,89.01,0.11,0.27,
37,Tuesday,2021-09-28,98.68,187.0,43.09,88.32,89.5,0.01,0.27,
38,Wednesday,2021-09-29,98.71,187.0,42.9,88.29,89.44,0.03,0.0,
39,Thursday,2021-09-30,98.74,186.0,42.91,87.26,88.37,0.03,0.53,
40,Friday,2021-10-01,98.78,186.0,42.85,87.22,88.3,0.04,0.0,
41,Monday,2021-10-04,98.89,185.0,42.82,86.11,87.08,0.11,0.54,
42,Tuesday,2021-10-05,98.9,185.0,42.72,86.1,87.06,0.01,0.0,
43,Wednesday,2021-10-06,98.92,185.5,42.8,86.58,87.53,0.02,0.27,
44,Thursday,2021-10-07,98.95,184.5,42.85,85.55,86.46,0.03,0.54,
45,Tuesday,2021-10-12,99.1,185.0,42.9,85.9,86.68,0.15,0.27,
46,Wednesday,2021-10-13,99.13,185.0,43.0,85.87,86.62,0.03,0.0,
47,Thursday,2021-10-14,99.16,185.5,43.02,86.34,87.07,0.03,0.27,
48,Friday,2021-10-15,99.19,186.5,42.93,87.31,88.02,0.03,0.54,
49,Monday,2021-10-18,99.28,185.5,42.94,86.22,86.85,0.09,0.54,
50,Tuesday,2021-10-19,99.31,187.0,42.98,87.69,88.3,0.03,0.81,
51,Wednesday,2021-10-20,99.34,188.0,42.99,88.66,89.25,0.03,0.53,
52,Thursday,2021-10-21,99.37,191.0,43.01,91.63,92.21,0.03,1.6,
53,Friday,2021-10-22,99.4,195.0,43.04,95.6,96.18,0.03,2.09,
54,Monday,2021-10-25,99.49,194.0,43.06,94.51,94.99,0.09,0.51,
55,Tuesday,2021-10-26,99.53,196.0,43.07,96.47,96.93,0.04,1.03,
56,Wednesday,2021-10-27,99.62,197.0,43.04,97.38,97.75,0.09,0.51,
57,Thursday,2021-10-28,99.69,198.0,43.01,98.31,98.62,0.07,0.51,
58,Friday,2021-10-29,99.72,197.5,42.82,97.78,98.05,0.03,0.25,
59,Monday,2021-11-01,99.83,196.5,42.78,96.67,96.83,0.11,0.51,
60,Tuesday,2021-11-02,99.85,197.5,42.75,97.65,97.8,0.02,0.51,
61,Wednesday,2021-11-03,99.9,199.0,42.66,99.1,99.2,0.05,0.76,
62,Thursday,2021-11-04,99.95,199.0,42.58,99.05,99.1,0.05,0.0,
63,Friday,2021-11-05,99.95,199.0,42.79,99.05,99.1,0.0,0.0,
64,Monday,2021-11-08,100.05,199.0,42.8,98.95,98.9,0.1,0.0,
65,Tuesday,2021-11-09,100.1,199.5,42.88,99.4,99.3,0.05,0.25,
66,Wednesday,2021-11-10,100.14,205.0,42.79,104.86,104.71,0.04,2.76,
67,Thursday,2021-11-11,100.18,206.5,42.8,106.32,106.13,0.04,0.73,
68,Friday,2021-11-12,100.23,200.0,42.61,99.77,99.54,0.05,3.15,
69,Monday,2021-11-15,100.29,199.5,42.52,99.21,98.92,0.06,0.25,
70,Tuesday,2021-11-16,100.31,200.5,42.46,100.19,99.88,0.02,0.5,
71,Wednesday,2021-11-17,100.36,201.5,42.5,101.14,100.78,0.05,0.5,
72,Thursday,2021-11-18,100.41,201.0,42.36,100.59,100.18,0.05,0.25,
73,Friday,2021-11-19,100.47,201.5,42.28,101.03,100.56,0.06,0.25,
74,Tuesday,2021-11-23,100.6,201.0,42.15,100.4,99.8,0.13,0.25,
75,Wednesday,2021-11-24,100.62,200.5,42.23,99.88,99.26,0.02,0.25,
76,Thursday,2021-11-25,100.68,201.0,42.24,100.32,99.64,0.06,0.25,
77,Friday,2021-11-26,100.76,201.0,42.18,100.24,99.48,0.08,0.0,
78,Monday,2021-11-29,100.92,201.0,42.04,100.08,99.17,0.16,0.0,
79,Tuesday,2021-11-30,100.93,201.5,41.53,100.57,99.64,0.01,0.25,
80,Wednesday,2021-12-01,101.01,200.5,41.54,99.49,98.5,0.08,0.5,
81,Thursday,2021-12-02,101.07,200.5,41.44,99.43,98.38,0.06,0.0,
82,Friday,2021-12-03,101.16,200.5,41.29,99.34,98.2,0.09,0.0,
83,Monday,2021-12-06,101.32,199.0,41.3,97.68,96.41,0.16,0.75,
84,Tuesday,2021-12-07,101.37,198.0,41.25,96.63,95.32,0.05,0.5,
85,Thursday,2021-12-09,101.51,196.0,41.16,94.49,93.08,0.14,1.01,
86,Friday,2021-12-10,101.58,196.5,41.18,94.92,93.44,0.07,0.26,
87,Monday,2021-12-13,101.73,195.5,41.2,93.77,92.18,0.15,0.51,
88,Tuesday,2021-12-14,101.77,196.5,41.17,94.73,93.08,0.04,0.51,
89,Wednesday,2021-12-15,101.83,198.5,41.1,96.67,94.93,0.06,1.02,
90,Thursday,2021-12-16,101.89,198.5,41.11,96.61,94.82,0.06,0.0,
91,Friday,2021-12-17,101.97,200.0,41.12,98.03,96.14,0.08,0.76,
92,Monday,2021-12-20,102.15,200.0,41.11,97.85,95.79,0.18,0.0,
93,Tuesday,2021-12-21,102.2,199.0,41.11,96.8,94.72,0.05,0.5,
94,Wednesday,2021-12-22,102.28,200.5,39.15,98.22,96.03,0.08,0.75,
95,Thursday,2021-12-23,102.33,204.0,39.16,101.67,99.36,0.05,1.75,
96,Monday,2021-12-27,102.57,203.5,39.17,100.93,98.4,0.23,0.25,
97,Tuesday,2021-12-28,102.62,206.0,39.18,103.38,100.74,0.05,1.23,
98,Wednesday,2021-12-29,102.69,209.0,39.13,106.31,103.53,0.07,1.46,
99,Thursday,2021-12-30,102.75,208.0,39.66,105.25,102.43,0.06,0.48,
100,Monday,2022-01-03,103.04,206.0,39.6,102.96,99.92,0.28,0.96,
101,Tuesday,2022-01-04,103.08,206.5,39.58,103.42,100.33,0.04,0.24,
102,Wednesday,2022-01-05,103.15,207.5,39.59,104.35,101.16,0.07,0.48,
103,Thursday,2022-01-06,103.23,208.5,39.47,105.27,101.98,0.08,0.48,
104,Friday,2022-01-07,103.29,208.0,39.12,104.71,101.37,0.06,0.24,
105,Monday,2022-01-10,103.51,206.0,39.17,102.49,99.01,0.21,0.96,
106,Tuesday,2022-01-11,103.58,209.0,39.19,105.42,101.78,0.07,1.46,
107,Wednesday,2022-01-12,103.64,208.5,39.2,104.86,101.18,0.06,0.24,
108,Thursday,2022-01-13,103.74,209.5,39.2,105.76,101.95,0.1,0.48,
109,Friday,2022-01-14,103.85,209.5,39.13,105.65,101.73,0.11,0.0,
110,Monday,2022-01-17,104.07,209.0,39.14,104.93,100.83,0.21,0.24,
111,Tuesday,2022-01-18,104.19,211.0,39.09,106.81,102.51,0.12,0.96,
112,Wednesday,2022-01-19,104.24,213.0,39.03,108.76,104.34,0.05,0.95,
113,Thursday,2022-01-20,104.3,214.0,38.94,109.7,105.18,0.06,0.47,
114,Friday,2022-01-21,104.35,219.0,38.94,114.65,109.87,0.05,2.34,
115,Monday,2022-01-24,104.53,219.0,38.95,114.47,109.51,0.17,0.0,
116,Tuesday,2022-01-25,104.6,219.5,38.95,114.9,109.85,0.07,0.23,
117,Wednesday,2022-01-26,104.68,221.0,38.87,116.32,111.12,0.08,0.68,
118,Thursday,2022-01-27,104.76,222.5,38.52,117.74,112.39,0.08,0.68,
119,Friday,2022-01-28,104.83,212.5,37.62,107.67,102.71,0.07,4.49,
120,Monday,2022-01-31,105.02,213.0,37.59,107.98,102.82,0.18,0.24,
121,Tuesday,2022-02-01,105.14,214.0,37.56,108.86,103.54,0.11,0.47,
122,Wednesday,2022-02-02,105.22,216.5,37.56,111.28,105.76,0.08,1.17,
123,Thursday,2022-02-03,105.31,216.0,37.56,110.69,105.11,0.09,0.23,
124,Friday,2022-02-04,105.42,214.0,37.19,108.58,103.0,0.1,0.93,
125,Monday,2022-02-07,105.7,214.0,37.21,108.3,102.46,0.27,0.0,
126,Tuesday,2022-02-08,105.8,215.0,37.22,109.2,103.21,0.09,0.47,
127,Wednesday,2022-02-09,105.91,217.0,37.23,111.09,104.89,0.1,0.93,
128,Thursday,2022-02-10,106.01,215.5,37.23,109.49,103.28,0.09,0.69,
129,Friday,2022-02-11,106.11,215.5,37.24,109.39,103.09,0.09,0.0,
130,Monday,2022-02-14,106.39,215.0,37.26,108.61,102.09,0.26,0.23,
131,Tuesday,2022-02-15,106.48,215.0,37.28,108.52,101.92,0.08,0.0,
132,Wednesday,2022-02-16,106.58,215.0,37.31,108.42,101.73,0.09,0.0,
133,Thursday,2022-02-17,106.68,214.0,37.32,107.32,100.6,0.09,0.47,
134,Friday,2022-02-18,106.78,211.0,37.35,104.22,97.6,0.09,1.4,
135,Monday,2022-02-21,107.06,211.5,37.32,104.44,97.55,0.26,0.24,
136,Tuesday,2022-02-22,107.16,210.0,37.26,102.84,95.97,0.09,0.71,
137,Wednesday,2022-02-23,107.3,210.0,37.24,102.7,95.71,0.13,0.0,
138,Thursday,2022-02-24,107.39,210.5,37.08,103.11,96.01,0.08,0.24,
139,Friday,2022-02-25,107.44,211.0,37.02,103.56,96.39,0.05,0.24,
140,Wednesday,2022-03-02,107.94,206.0,37.04,98.06,90.85,0.47,2.37,
141,Thursday,2022-03-03,108.04,204.0,37.07,95.96,88.82,0.09,0.97,
142,Friday,2022-03-04,108.16,201.0,37.11,92.84,85.84,0.11,1.47,
143,Monday,2022-03-07,108.45,201.0,37.33,92.55,85.34,0.27,0.0,
144,Tuesday,2022-03-08,108.56,202.0,37.38,93.44,86.07,0.1,0.5,
145,Wednesday,2022-03-09,108.68,204.5,37.31,95.82,88.17,0.11,1.24,
146,Thursday,2022-03-10,108.78,203.0,37.32,94.22,86.62,0.09,0.73,
147,Friday,2022-03-11,108.89,202.0,37.26,93.11,85.51,0.1,0.49,
148,Monday,2022-03-14,109.21,200.0,37.22,90.79,83.13,0.29,0.99,
149,Tuesday,2022-03-15,109.31,200.0,37.03,90.69,82.97,0.09,0.0,
150,Wednesday,2022-03-16,109.43,202.0,37.06,92.57,84.59,0.11,1.0,
151,Thursday,2022-03-17,109.52,202.0,37.04,92.48,84.44,0.08,0.0,
152,Friday,2022-03-18,109.64,202.5,37.01,92.86,84.7,0.11,0.25,
153,Monday,2022-03-21,109.99,202.0,37.02,92.01,83.65,0.32,0.25,
154,Tuesday,2022-03-22,110.07,201.0,37.02,90.93,82.61,0.07,0.5,
155,Wednesday,2022-03-23,110.19,201.0,37.08,90.81,82.41,0.11,0.0,
156,Friday,2022-03-25,110.39,202.0,43.32,91.61,82.99,0.18,0.5,
157,Monday,2022-03-28,110.7,200.0,43.25,89.3,80.67,0.28,0.99,
158,Tuesday,2022-03-29,110.8,200.0,43.16,89.2,80.51,0.09,0.0,
159,Wednesday,2022-03-30,110.92,201.0,43.19,90.08,81.21,0.11,0.5,
160,Thursday,2022-03-31,110.98,200.0,43.14,89.02,80.21,0.05,0.5,
161,Friday,2022-04-01,111.13,200.0,43.07,88.87,79.97,0.14,0.0,
162,Monday,2022-04-04,111.56,199.0,43.13,87.44,78.38,0.39,0.5,
163,Tuesday,2022-04-05,111.7,196.0,43.14,84.3,75.47,0.13,1.51,
164,Wednesday,2022-04-06,111.84,196.0,43.18,84.16,75.25,0.13,0.0,
165,Thursday,2022-04-07,111.98,196.0,43.23,84.02,75.03,0.13,0.0,
166,Friday,2022-04-08,112.13,196.5,43.24,84.37,75.24,0.13,0.26,
167,Monday,2022-04-11,112.59,195.0,43.24,82.41,73.19,0.41,0.76,
168,Tuesday,2022-04-12,112.74,195.0,43.32,82.26,72.96,0.13,0.0,
169,Wednesday,2022-04-13,112.91,195.0,43.3,82.09,72.7,0.15,0.0,
170,Monday,2022-04-18,113.66,195.0,43.31,81.34,71.56,0.66,0.0,
171,Tuesday,2022-04-19,113.79,198.0,43.22,84.21,74.0,0.11,1.54,
172,Wednesday,2022-04-20,113.95,199.5,43.14,85.55,75.08,0.14,0.76,
173,Thursday,2022-04-21,114.11,202.0,43.06,87.89,77.02,0.14,1.25,
174,Friday,2022-04-22,114.25,203.0,42.87,88.75,77.68,0.12,0.5,
175,Monday,2022-04-25,114.7,205.5,42.64,90.8,79.16,0.39,1.23,
176,Tuesday,2022-04-26,114.84,212.5,42.65,97.66,85.04,0.12,3.41,
177,Wednesday,2022-04-27,115.01,206.5,42.56,91.49,79.55,0.15,2.82,
178,Thursday,2022-04-28,115.17,204.0,42.46,88.83,77.13,0.14,1.21,
179,Friday,2022-04-29,115.31,200.5,42.01,85.19,73.88,0.12,1.72,
180,Monday,2022-05-02,115.75,201.0,42.07,85.25,73.65,0.38,0.25,
181,Tuesday,2022-05-03,115.88,203.5,42.12,87.62,75.61,0.11,1.24,
182,Wednesday,2022-05-04,116.02,201.0,42.17,84.98,73.25,0.12,1.23,
183,Thursday,2022-05-05,116.16,201.5,41.8,85.34,73.47,0.12,0.25,
184,Friday,2022-05-06,116.31,201.0,41.82,84.69,72.81,0.13,0.25,
185,Monday,2022-05-09,116.76,201.5,41.63,84.74,72.58,0.39,0.25,
186,Tuesday,2022-05-10,116.92,202.0,41.62,85.08,72.77,0.14,0.25,
187,Wednesday,2022-05-11,117.09,205.0,41.62,87.91,75.08,0.15,1.49,
188,Thursday,2022-05-12,117.25,203.5,41.34,86.25,73.56,0.14,0.73,
189,Friday,2022-05-13,117.41,203.5,41.29,86.09,73.32,0.14,0.0,
190,Monday,2022-05-16,117.87,205.0,41.36,87.13,73.92,0.39,0.74,
191,Tuesday,2022-05-17,118.04,208.0,41.4,89.96,76.21,0.14,1.46,
192,Thursday,2022-05-19,118.36,206.0,41.49,87.64,74.05,0.27,0.96,
193,Friday,2022-05-20,118.49,204.0,41.54,85.51,72.17,0.11,0.97,
194,Monday,2022-05-23,118.95,206.5,41.65,87.55,73.6,0.39,1.23,
195,Tuesday,2022-05-24,119.1,208.0,41.65,88.9,74.64,0.13,0.73,
196,Thursday,2022-05-26,119.42,207.0,41.47,87.58,73.34,0.27,0.48,
197,Friday,2022-05-27,119.56,206.5,41.54,86.94,72.72,0.12,0.24,
198,Monday,2022-05-30,120.01,206.5,41.65,86.49,72.07,0.38,0.0,
199,Tuesday,2022-05-31,120.16,206.0,41.56,85.84,71.44,0.12,0.24,
200,Wednesday,2022-06-01,120.33,206.0,41.57,85.67,71.2,0.14,0.0,
201,Thursday,2022-06-02,120.47,206.0,41.6,85.53,71.0,0.12,0.0,
202,Friday,2022-06-03,120.63,205.0,41.61,84.37,69.94,0.13,0.49,
203,Monday,2022-06-06,121.11,205.0,41.62,83.89,69.27,0.4,0.0,
204,Tuesday,2022-06-07,121.28,206.0,41.64,84.72,69.85,0.14,0.49,
205,Wednesday,2022-06-08,121.46,208.0,41.62,86.54,71.25,0.15,0.97,
206,Thursday,2022-06-09,121.63,208.0,41.63,86.37,71.01,0.14,0.0,
207,Friday,2022-06-10,121.79,210.0,41.6,88.21,72.43,0.13,0.96,
208,Monday,2022-06-13,122.3,216.0,41.35,93.7,76.61,0.42,2.86,
209,Tuesday,2022-06-14,122.48,224.0,41.23,101.52,82.89,0.15,3.7,
210,Wednesday,2022-06-15,122.69,217.0,41.1,94.31,76.87,0.17,3.12,
211,Thursday,2022-06-16,122.9,216.0,40.9,93.1,75.75,0.17,0.46,
212,Tuesday,2022-06-21,123.69,220.0,40.01,96.31,77.86,0.64,1.85,
213,Wednesday,2022-06-22,123.86,224.0,38.23,100.14,80.85,0.14,1.82,
214,Thursday,2022-06-23,124.03,224.0,38.08,99.97,80.6,0.14,0.0,
215,Friday,2022-06-24,124.26,226.0,38.01,101.74,81.88,0.19,0.89,
216,Monday,2022-06-27,124.71,232.0,38.12,107.29,86.03,0.36,2.65,
217,Tuesday,2022-06-28,124.88,239.0,42.16,114.12,91.38,0.14,3.02,
218,Wednesday,2022-06-29,125.05,239.0,42.47,113.95,91.12,0.14,0.0,
219,Thursday,2022-06-30,125.22,238.0,42.79,112.78,90.07,0.14,0.42,
220,Friday,2022-07-01,125.41,239.0,42.36,113.59,90.57,0.15,0.42,
221,Monday,2022-07-04,125.99,260.0,42.37,134.01,106.37,0.46,8.79,
222,Tuesday,2022-07-05,126.18,252.0,42.32,125.82,99.71,0.15,3.08,
223,Wednesday,2022-07-06,126.38,255.0,42.28,128.62,101.77,0.16,1.19,
224,Thursday,2022-07-07,126.57,257.0,42.21,130.43,103.05,0.15,0.78,
225,Friday,2022-07-08,126.78,273.0,40.46,146.22,115.33,0.17,6.23,
226,Monday,2022-07-11,127.37,268.0,40.46,140.63,110.41,0.47,1.83,
227,Tuesday,2022-07-12,127.57,272.0,40.4,144.43,113.22,0.16,1.49,
228,Wednesday,2022-07-13,127.79,283.0,40.4,155.21,121.46,0.17,4.04,
229,Thursday,2022-07-14,128.02,289.0,40.13,160.98,125.75,0.18,2.12,
230,Friday,2022-07-15,128.23,293.0,40.15,164.77,128.5,0.16,1.38,
231,Monday,2022-07-18,128.9,291.0,40.01,162.1,125.76,0.52,0.68,
232,Tuesday,2022-07-19,129.13,301.0,39.86,171.87,133.1,0.18,3.44,
233,Wednesday,2022-07-20,129.39,317.0,39.75,187.61,145.0,0.2,5.32,
234,Thursday,2022-07-21,129.61,337.0,39.68,207.39,160.01,0.17,6.31,
235,Friday,2022-07-22,129.76,338.0,39.72,208.24,160.48,0.12,0.3,
236,Monday,2022-07-25,130.4,322.0,39.76,191.6,146.93,0.49,4.73,
237,Tuesday,2022-07-26,130.62,323.0,39.46,192.38,147.28,0.17,0.31,
238,Wednesday,2022-07-27,130.89,326.0,39.35,195.11,149.06,0.21,0.93,
239,Thursday,2022-07-28,131.13,314.0,39.22,182.87,139.46,0.18,3.68,
240,Friday,2022-07-29,131.23,296.0,38.23,164.77,125.56,0.08,5.73,
241,Monday,2022-08-01,131.94,282.0,38.04,150.06,113.73,0.54,4.73,
242,Tuesday,2022-08-02,132.18,291.0,38.01,158.82,120.15,0.18,3.19,
243,Wednesday,2022-08-03,132.41,298.0,37.82,165.59,125.06,0.17,2.41,
244,Thursday,2022-08-04,132.64,291.0,,158.36,119.39,0.17,2.35,
245,Friday,2022-08-05,132.89,293.0,,160.11,120.48,0.19,0.69,
